Starting as master.... 
Starting as slave.... 
(0.030277, 0.010092, 0.010092)
(0.168963, 0.051229, 0.051229)
(0.131911, 0.027544, 0.031880)
(0.119714, 0.039392, 0.091385)
(0.071466, 0.019530, 0.034460)
(0.283799, 0.093591, 0.130863)
(0.212708, 0.054562, 0.059733)
(0.080375, 0.020022, 0.034035)
(0.106308, 0.027431, 0.029006)
(0.091593, 0.028052, 0.041533)
(0.151815, 0.038803, 0.040529)
(0.115491, 0.036209, 0.053957)
(0.095538, 0.026171, 0.043928)
(0.072190, 0.020030, 0.051525)
(0.097354, 0.030912, 0.047388)
(0.083435, 0.021040, 0.028626)
(0.083225, 0.025024, 0.035103)
(0.182920, 0.035835, 0.046740)
(0.207118, 0.054076, 0.059757)
(0.139003, 0.031449, 0.047383)
(0.074614, 0.022840, 0.028902)
(0.181533, 0.053371, 0.123511)
(0.143211, 0.047737, 0.049227)
(0.066219, 0.019732, 0.034168)
(0.033816, 0.011272, 0.011272)
(0.139920, 0.038447, 0.053569)
(0.278786, 0.058485, 0.075133)
(0.085477, 0.026369, 0.044565)
(0.099765, 0.031576, 0.052886)
(0.098650, 0.028219, 0.065532)
(0.120989, 0.040330, 0.056004)
(0.232620, 0.051533, 0.103016)
(0.111650, 0.034041, 0.045402)
(0.077611, 0.022332, 0.025776)
(0.069899, 0.019039, 0.028413)
(0.112748, 0.026300, 0.028619)
(0.111327, 0.032420, 0.035720)
(0.361417, 0.092922, 0.093313)
(0.125454, 0.041298, 0.067057)
(0.085420, 0.022988, 0.033166)
(0.145068, 0.047894, 0.080198)
(0.109222, 0.028337, 0.045073)
(0.110171, 0.036724, 0.041099)
(0.054124, 0.018041, 0.022446)
(0.105457, 0.034128, 0.065160)
(0.291286, 0.075546, 0.092828)
(0.111522, 0.033148, 0.056677)
(0.121817, 0.036887, 0.038330)
(0.091231, 0.023406, 0.052305)
(0.097728, 0.024796, 0.028011)
(0.232039, 0.070416, 0.077718)
(0.104038, 0.030813, 0.045945)
(0.153917, 0.051306, 0.085817)
(0.147407, 0.044175, 0.068504)
(0.124044, 0.034378, 0.042225)
(0.094378, 0.024664, 0.039983)
(0.061294, 0.020431, 0.030672)
(0.315607, 0.055061, 0.093209)
(0.145373, 0.039377, 0.076318)
(0.144177, 0.032171, 0.046637)
(0.139225, 0.037496, 0.052108)
(0.140991, 0.035319, 0.052499)
(0.101979, 0.030378, 0.032020)
(0.112460, 0.030202, 0.044919)
(0.054610, 0.018203, 0.022037)
(0.150324, 0.038991, 0.071018)
(0.223036, 0.060153, 0.060362)
(0.192706, 0.050210, 0.126333)
(0.115751, 0.036710, 0.047296)
(0.122725, 0.034916, 0.067188)
(0.199910, 0.048332, 0.063785)
(0.104690, 0.030712, 0.035528)
(0.221660, 0.072731, 0.111490)
(0.211584, 0.040484, 0.054475)
(0.282602, 0.089858, 0.138845)
(0.087612, 0.027875, 0.041300)
(0.119867, 0.039956, 0.073813)
(0.191506, 0.042405, 0.053488)
(0.167839, 0.043921, 0.060484)
(0.166420, 0.046536, 0.052579)
(0.056302, 0.018216, 0.023362)
(0.094240, 0.027860, 0.044863)
(0.122985, 0.030928, 0.031415)
(0.086281, 0.022134, 0.037573)
(0.101037, 0.033679, 0.058329)
(0.262414, 0.041667, 0.057662)
(0.179154, 0.051339, 0.068492)
(0.109450, 0.032256, 0.037655)
(0.137494, 0.036934, 0.041108)
(0.137906, 0.043020, 0.046394)
(0.117586, 0.039195, 0.039195)
(0.166888, 0.035689, 0.040569)
(0.131085, 0.038199, 0.048868)
(0.391823, 0.121408, 0.123105)
(0.400978, 0.180778, 0.400299)
(0.068082, 0.021164, 0.024485)
(0.217566, 0.050193, 0.069860)
(0.140400, 0.037112, 0.051815)
(0.115899, 0.034197, 0.040167)
(0.456056, 0.128263, 0.130308)
(0.132197, 0.041172, 0.041172)
(0.086975, 0.028992, 0.037602)
(0.104309, 0.029531, 0.051599)
(0.140087, 0.039297, 0.042243)
(0.369622, 0.109716, 0.121837)
(0.361264, 0.241169, 0.244308)
(0.135763, 0.109342, 0.156253)
(0.173165, 0.099432, 0.104132)
(0.172816, 0.087961, 0.097836)
(0.190706, 0.109975, 0.109975)
(0.174099, 0.123271, 0.142889)
(0.187718, 0.149286, 0.220930)
(0.094061, 0.075973, 0.089551)
(0.334963, 0.313528, 0.317886)
(0.144343, 0.092576, 0.094465)
(0.159120, 0.116137, 0.201986)
(0.444360, 0.403000, 0.407501)
(0.144870, 0.100705, 0.146036)
(0.133048, 0.081083, 0.085162)
(0.200568, 0.111538, 0.118694)
(0.153843, 0.122055, 0.250001)
(0.337045, 0.237400, 0.270736)
(0.413279, 0.373768, 0.436823)
(0.203107, 0.096599, 0.136515)
(0.180864, 0.108364, 0.128005)
(0.192039, 0.138521, 0.140171)
(0.125103, 0.097054, 0.097054)
(0.150119, 0.094882, 0.096561)
(0.397196, 0.166411, 0.181367)
(0.125313, 0.087801, 0.095344)
(0.274797, 0.213041, 0.213041)
(0.131502, 0.091503, 0.095280)
(0.141227, 0.132554, 0.180564)
(0.220869, 0.196277, 0.285932)
(0.179333, 0.160787, 0.178112)
(0.144034, 0.105540, 0.119838)
(0.177462, 0.157922, 0.279445)
(0.269276, 0.169304, 0.229103)
(0.275404, 0.206411, 0.315150)
(0.296115, 0.224462, 0.237412)
(0.125296, 0.108787, 0.159070)
(0.167683, 0.130107, 0.168576)
(0.299623, 0.132095, 0.132095)
(0.209868, 0.108561, 0.115846)
(0.241145, 0.188620, 0.252209)
(0.178396, 0.130951, 0.141264)
(0.238827, 0.106966, 0.122109)
(0.162652, 0.117499, 0.182625)
(0.254708, 0.123017, 0.250906)
(0.122292, 0.087007, 0.104099)
(0.116684, 0.091781, 0.091781)
(0.269172, 0.140813, 0.173208)
(0.226304, 0.193005, 0.199731)
(0.239022, 0.136636, 0.220452)
(0.314876, 0.314876, 0.339076)
(0.223018, 0.157695, 0.177914)
(0.122933, 0.089800, 0.095732)
(0.127880, 0.102729, 0.154580)
(0.377396, 0.331127, 0.348952)
(0.313933, 0.255441, 0.335127)
(0.295641, 0.204877, 0.228872)
(0.256678, 0.112995, 0.156334)
(0.440054, 0.299570, 0.310948)
(0.148780, 0.098547, 0.109310)
(0.302101, 0.218950, 0.250543)
(0.268970, 0.223554, 0.224674)
(0.123706, 0.089927, 0.089927)
(0.291686, 0.159968, 0.197385)
(0.289077, 0.099537, 0.121291)
(0.227049, 0.166057, 0.199933)
(0.237244, 0.119011, 0.150869)
(0.253573, 0.202625, 0.212758)
(0.358909, 0.238214, 0.253771)
(0.178524, 0.114833, 0.135912)
(0.166387, 0.134939, 0.169220)
(0.271729, 0.133235, 0.198879)
(0.217949, 0.141260, 0.141849)
(0.158291, 0.121100, 0.189239)
(0.227441, 0.147717, 0.180463)
(0.144833, 0.140163, 0.246265)
(0.145600, 0.112537, 0.136110)
(0.352911, 0.200027, 0.330130)
(0.229529, 0.161047, 0.164390)
(0.169343, 0.120543, 0.156742)
(0.163197, 0.139440, 0.230039)
(0.276993, 0.141291, 0.141291)
(0.238682, 0.212999, 0.235301)
(0.233904, 0.193816, 0.206403)
(0.121735, 0.118162, 0.170813)
(0.233245, 0.158727, 0.172796)
(0.163011, 0.131742, 0.159978)
(0.121278, 0.109075, 0.126668)
(0.307696, 0.293050, 0.306121)
(0.211519, 0.112158, 0.131938)
(0.204710, 0.123571, 0.133952)
(0.212334, 0.146737, 0.151022)
(0.207652, 0.151598, 0.216500)
(0.146217, 0.123622, 0.130906)
(0.144217, 0.115529, 0.116573)
(0.256752, 0.177779, 0.177779)
(0.183955, 0.116750, 0.141717)
(0.182324, 0.110432, 0.117580)
(0.222506, 0.146302, 0.153399)
(0.244681, 0.160652, 0.187563)
(0.387180, 0.382519, 0.427650)
(0.288583, 0.245557, 0.293246)
(0.169080, 0.118639, 0.137543)
(0.207734, 0.196496, 0.212979)
(0.378504, 0.244267, 0.305303)
(0.329448, 0.168527, 0.170711)
(0.274315, 0.142997, 0.150837)
(0.217411, 0.112419, 0.129090)
(0.143428, 0.141573, 0.247329)
(0.152434, 0.110240, 0.187899)
(0.287230, 0.276041, 0.370257)
(0.357030, 0.248550, 0.249291)
(0.186668, 0.122775, 0.122775)
(0.471782, 0.350698, 0.392527)
(0.143214, 0.117591, 0.122180)
(0.348605, 0.328548, 0.328548)
(0.192662, 0.170071, 0.170831)
(0.390199, 0.369576, 0.479613)
(0.179142, 0.140340, 0.152834)
(0.193433, 0.131913, 0.143586)
(0.198233, 0.119412, 0.123117)
(0.208496, 0.124778, 0.125816)
(0.130012, 0.108945, 0.110889)
(0.161863, 0.120555, 0.129057)
(0.178158, 0.139139, 0.197223)
(0.258428, 0.153468, 0.258940)
(0.177136, 0.109659, 0.141822)
(0.174078, 0.117029, 0.136097)
(0.151521, 0.110435, 0.154554)
(0.160374, 0.114084, 0.114325)
(0.215934, 0.178076, 0.178076)
(0.437327, 0.203278, 0.300909)
(0.483514, 0.402646, 0.439250)
(0.337810, 0.207241, 0.214047)
(0.212809, 0.145113, 0.159800)
(0.413402, 0.230693, 0.242476)
(0.208283, 0.139500, 0.242024)
(0.175894, 0.109561, 0.118910)
(0.169144, 0.127965, 0.182049)
(0.167536, 0.162413, 0.213990)
(0.372522, 0.202664, 0.203099)
(0.219922, 0.163787, 0.186236)
(0.109036, 0.097256, 0.126265)
(0.106251, 0.099272, 0.104610)
(0.272843, 0.156769, 0.168745)
(0.314719, 0.230890, 0.308406)
(0.288084, 0.191577, 0.271723)
(0.266652, 0.144562, 0.153549)
(0.191183, 0.126520, 0.163191)
(0.248184, 0.189837, 0.192076)
(0.170815, 0.113204, 0.118043)
(0.235899, 0.172330, 0.200501)
(0.263391, 0.148886, 0.157410)
(0.116983, 0.114460, 0.150745)
(0.114126, 0.114126, 0.114126)
(0.208351, 0.143887, 0.159406)
(0.346363, 0.333070, 0.371223)
(0.295324, 0.214884, 0.219943)
(0.121468, 0.102364, 0.118225)
(0.141501, 0.123491, 0.128502)
(0.161259, 0.126826, 0.164059)
(0.305777, 0.140823, 0.140823)
(0.234221, 0.162129, 0.263090)
(0.284177, 0.173654, 0.173654)
(0.161333, 0.141209, 0.162029)
(0.176315, 0.126562, 0.145175)
(0.207970, 0.130141, 0.207129)
(0.373380, 0.239900, 0.282242)
(0.195141, 0.168132, 0.247363)
(0.334245, 0.249499, 0.271836)
(0.268283, 0.159998, 0.223470)
(0.239847, 0.183071, 0.185027)
(0.252619, 0.187167, 0.218682)
(0.212473, 0.129148, 0.146526)
(0.318758, 0.238431, 0.308454)
(0.237651, 0.202913, 0.227086)
(0.167067, 0.119399, 0.123007)
(0.256798, 0.159322, 0.221676)
(0.218878, 0.141272, 0.173409)
(0.194000, 0.135482, 0.186677)
(0.242457, 0.203157, 0.210419)
(0.208123, 0.176912, 0.316550)
(0.262031, 0.150189, 0.167738)
(0.199637, 0.194745, 0.224942)
(0.197498, 0.140653, 0.166736)
(0.143444, 0.132251, 0.169565)
(0.285394, 0.159137, 0.170163)
(0.358689, 0.191269, 0.231075)
(0.399408, 0.343616, 0.370409)
(0.412295, 0.344397, 0.449363)
(0.399885, 0.217874, 0.242326)
(0.435734, 0.276888, 0.310147)
(0.340915, 0.175430, 0.183292)
(0.174637, 0.155909, 0.190904)
(0.126318, 0.102018, 0.105862)
(0.369054, 0.250010, 0.254309)
(0.214711, 0.194648, 0.275292)
(0.171315, 0.162551, 0.190548)
(0.159431, 0.113270, 0.113270)
(0.231436, 0.162147, 0.163125)
(0.231429, 0.144823, 0.167240)
(0.174790, 0.122514, 0.126967)
(0.259595, 0.164014, 0.168628)
(0.163241, 0.152798, 0.190584)
(0.203020, 0.121907, 0.131541)
(0.236071, 0.204821, 0.238192)
(0.181513, 0.144074, 0.144457)
(0.267610, 0.248715, 0.405319)
(0.130914, 0.104920, 0.104920)
(0.213637, 0.180194, 0.211862)
(0.332118, 0.296147, 0.301422)
(0.293698, 0.240556, 0.253652)
(0.185539, 0.149671, 0.181661)
(0.190107, 0.128618, 0.165619)
(0.187019, 0.186000, 0.247184)
(0.229109, 0.128323, 0.134968)
(0.226612, 0.138426, 0.166711)
(0.428008, 0.399613, 0.446171)
(0.394881, 0.380364, 0.380364)
(0.143266, 0.121981, 0.153489)
(0.289126, 0.251076, 0.257830)
(0.156730, 0.135713, 0.139932)
(0.240491, 0.145434, 0.157089)
(0.457738, 0.426448, 0.489889)
(0.168964, 0.124374, 0.133784)
(0.425775, 0.368254, 0.389805)
(0.210285, 0.176987, 0.182876)
(0.157429, 0.119840, 0.162874)
(0.176608, 0.145755, 0.211634)
(0.192973, 0.185391, 0.185391)
(0.230189, 0.167293, 0.203308)
(0.175489, 0.129334, 0.139523)
(0.268275, 0.229254, 0.238826)
(0.648576, 0.539680, 0.539680)
(0.552682, 0.498802, 0.509107)
(0.255661, 0.253248, 0.400857)
(0.422181, 0.395445, 0.469529)
(0.440012, 0.395927, 0.409820)
(0.229873, 0.162092, 0.178480)
(0.154847, 0.120922, 0.142299)
(0.203291, 0.153095, 0.164851)
(0.311419, 0.282559, 0.284296)
(0.131668, 0.131668, 0.137206)
(0.219357, 0.196972, 0.255248)
(0.281125, 0.219627, 0.226665)
(0.191090, 0.167049, 0.274098)
(0.134250, 0.129019, 0.130816)
(0.262427, 0.166784, 0.313234)
(0.203850, 0.150731, 0.157942)
(0.261522, 0.207954, 0.207954)
(0.162566, 0.133618, 0.198343)
(0.174118, 0.155567, 0.201937)
(0.209991, 0.205185, 0.243462)
(0.361780, 0.199880, 0.207924)
(0.249283, 0.223242, 0.263199)
(0.313656, 0.207945, 0.207945)
(0.113930, 0.105667, 0.108563)
(0.165858, 0.148355, 0.176789)
(0.295160, 0.201517, 0.255584)
(0.179476, 0.142186, 0.149062)
(0.258741, 0.154616, 0.154616)
(0.229482, 0.172638, 0.194814)
(0.233499, 0.153541, 0.193282)
(0.393905, 0.379206, 0.391528)
(0.152868, 0.131052, 0.165693)
(0.199894, 0.165169, 0.165169)
(0.297518, 0.249610, 0.393578)
(0.211515, 0.140417, 0.142203)
(0.559206, 0.473176, 0.475768)
(0.418101, 0.261560, 0.261560)
(0.329146, 0.311024, 0.373546)
(0.209178, 0.168930, 0.210182)
(0.437986, 0.393001, 0.429485)
(0.179834, 0.164831, 0.207737)
(0.212137, 0.204308, 0.396378)
(0.376709, 0.360380, 0.434437)
(0.164380, 0.138279, 0.149459)
(0.418879, 0.337991, 0.352900)
(0.153513, 0.153513, 0.179392)
(0.143286, 0.142376, 0.164705)
(0.234833, 0.148120, 0.169353)
(0.303006, 0.249508, 0.333580)
(0.265048, 0.256755, 0.314253)
(0.410151, 0.299767, 0.327357)
(0.347430, 0.332727, 0.372619)
(0.263811, 0.255597, 0.280314)
(0.236151, 0.156147, 0.172644)
(0.229316, 0.166897, 0.195126)
(0.505476, 0.423948, 0.434476)
(0.185881, 0.168117, 0.168117)
(0.302743, 0.204425, 0.210494)
(0.211894, 0.169576, 0.210348)
(0.189171, 0.140999, 0.175185)
(0.240264, 0.171968, 0.209522)
(0.171485, 0.124705, 0.130709)
(0.260772, 0.202839, 0.287650)
(0.260918, 0.212921, 0.356977)
(0.308157, 0.213765, 0.250692)
(0.285494, 0.163664, 0.165085)
(0.203747, 0.141531, 0.198888)
(0.215062, 0.143846, 0.161874)
(0.434043, 0.398849, 0.445138)
(0.212064, 0.204309, 0.302612)
(0.347119, 0.336604, 0.376803)
(0.169772, 0.158449, 0.163688)
(0.181575, 0.141556, 0.145019)
(0.178443, 0.130764, 0.143525)
(0.288870, 0.225882, 0.255392)
(0.278394, 0.249461, 0.346704)
(0.309673, 0.287831, 0.291442)
(0.150865, 0.137609, 0.161643)
(0.144637, 0.132221, 0.140161)
(0.256885, 0.173060, 0.207452)
(0.187159, 0.130667, 0.143532)
(0.164913, 0.148720, 0.220609)
(0.273679, 0.180310, 0.193649)
(0.123863, 0.123863, 0.165881)
(0.339589, 0.157965, 0.187448)
(0.256289, 0.195993, 0.212844)
(0.230534, 0.195649, 0.250390)
(0.175134, 0.140273, 0.178446)
(0.448617, 0.255003, 0.342981)
(0.291594, 0.244484, 0.270672)
(0.234992, 0.215188, 0.225044)
(0.164760, 0.152735, 0.238324)
(0.294066, 0.265793, 0.502014)
(0.483119, 0.402834, 0.425375)
(0.398132, 0.224395, 0.235136)
(0.312890, 0.302701, 0.359061)
(0.169773, 0.142643, 0.158019)
(0.254793, 0.210506, 0.428102)
(0.287020, 0.144653, 0.159221)
(0.325361, 0.179167, 0.306353)
(0.216449, 0.142682, 0.167667)
(0.379543, 0.217069, 0.247992)
(0.168077, 0.151584, 0.156729)
(0.388813, 0.239111, 0.270694)
(0.366285, 0.282276, 0.291110)
(0.212839, 0.176256, 0.197679)
(0.241437, 0.169293, 0.197733)
(0.137596, 0.123979, 0.144187)
(0.190685, 0.168489, 0.193283)
(0.460402, 0.290241, 0.304528)
(0.306367, 0.177701, 0.214952)
(0.267570, 0.241215, 0.298114)
(0.204510, 0.163705, 0.264070)
(0.154017, 0.143843, 0.167284)
(0.143262, 0.143262, 0.182358)
(0.235959, 0.227764, 0.233150)
(0.208998, 0.180366, 0.228131)
(0.151043, 0.140336, 0.191076)
(0.309953, 0.257773, 0.269234)
(0.274650, 0.218453, 0.248865)
(0.395826, 0.279340, 0.320445)
(0.418580, 0.386843, 0.415980)
(0.401931, 0.209383, 0.221075)
(0.217831, 0.190865, 0.266167)
(0.284249, 0.242614, 0.358410)
(0.462043, 0.439523, 0.452244)
(0.174857, 0.167687, 0.253459)
(0.272177, 0.250933, 0.403066)
(0.317686, 0.273682, 0.372513)
(0.122488, 0.122488, 0.122488)
(0.219947, 0.161747, 0.161976)
(0.273888, 0.203663, 0.224488)
(0.169104, 0.169104, 0.178285)
(0.175921, 0.151729, 0.165860)
(0.420982, 0.371104, 0.413493)
(0.218598, 0.157002, 0.165098)
(0.416099, 0.332765, 0.373424)
(0.241644, 0.171665, 0.227988)
(0.236203, 0.191532, 0.204315)
(0.245384, 0.232534, 0.242718)
(0.566377, 0.541164, 0.581532)
(0.244421, 0.234910, 0.336204)
(0.339249, 0.317998, 0.331541)
(0.362788, 0.273416, 0.287808)
(0.302197, 0.290719, 0.345598)
(0.434117, 0.369906, 0.395795)
(0.272611, 0.266952, 0.271170)
(0.166268, 0.126367, 0.128087)
(0.166791, 0.164825, 0.220224)
(0.268838, 0.223516, 0.266679)
(0.252879, 0.192253, 0.245141)
(0.362696, 0.362696, 0.374690)
(0.195594, 0.168876, 0.194777)
(0.137836, 0.131778, 0.141092)
(0.362213, 0.343518, 0.367323)
(0.260273, 0.190651, 0.232380)
(0.211765, 0.152199, 0.169398)
(0.236487, 0.215151, 0.276911)
(0.201116, 0.162167, 0.184670)
(0.117906, 0.117906, 0.122525)
(0.483961, 0.259606, 0.270240)
(0.303412, 0.216603, 0.245730)
(0.415166, 0.343461, 0.386842)
(0.316320, 0.281340, 0.358306)
(0.305907, 0.238877, 0.276401)
(0.246729, 0.165571, 0.172190)
(0.618811, 0.511578, 0.541449)
(0.147798, 0.147798, 0.259213)
(0.484609, 0.408755, 0.435225)
(0.219544, 0.168503, 0.168503)
(0.410853, 0.332560, 0.430384)
(0.188597, 0.145685, 0.177301)
(0.353878, 0.328178, 0.396373)
(0.269469, 0.209385, 0.247329)
(0.317858, 0.213678, 0.250092)
(0.358874, 0.352484, 0.383078)
(0.207723, 0.179123, 0.253792)
(0.412738, 0.305313, 0.557417)
(0.119125, 0.119125, 0.119125)
(0.368116, 0.352178, 0.367952)
(0.322410, 0.185148, 0.268529)
(0.361219, 0.340487, 0.340487)
(0.400226, 0.375093, 0.388678)
(0.243582, 0.242359, 0.356799)
(0.168292, 0.168171, 0.288310)
(0.219551, 0.167931, 0.181360)
(0.409835, 0.327077, 0.331078)
(0.192798, 0.130703, 0.140547)
(0.210792, 0.208754, 0.261952)
(0.187114, 0.176750, 0.180144)
(0.287728, 0.235379, 0.268606)
(0.378851, 0.239046, 0.300223)
(0.261849, 0.238855, 0.273886)
(0.399455, 0.387130, 0.411463)
(0.211011, 0.156307, 0.184559)
(0.204520, 0.161135, 0.206226)
(0.403389, 0.356057, 0.371362)
(0.247498, 0.195290, 0.269858)
(0.153689, 0.151882, 0.295772)
(0.296561, 0.231929, 0.325474)
(0.375270, 0.365907, 0.389272)
(0.355573, 0.347017, 0.347017)
(0.177558, 0.160820, 0.249824)
(0.379954, 0.274001, 0.325109)
(0.226210, 0.172085, 0.217715)
(0.198092, 0.198092, 0.272220)
(0.166758, 0.136975, 0.170955)
(0.376769, 0.246175, 0.343914)
(0.158909, 0.138424, 0.148070)
(0.388879, 0.366990, 0.385579)
(0.200178, 0.200178, 0.300567)
(0.217488, 0.178906, 0.191678)
(0.228977, 0.174386, 0.207873)
(0.402794, 0.402794, 0.425675)
(0.319647, 0.317349, 0.377982)
(0.182790, 0.139636, 0.173427)
(0.422371, 0.268201, 0.283532)
(0.225267, 0.159923, 0.190485)
(0.349101, 0.349101, 0.380264)
(0.162366, 0.148275, 0.177924)
(0.374102, 0.336467, 0.383522)
(0.179959, 0.179959, 0.213636)
(0.174184, 0.143344, 0.192183)
(0.383282, 0.354340, 0.386416)
(0.318974, 0.279336, 0.327761)
(0.395881, 0.302988, 0.337472)
(0.210847, 0.193255, 0.256731)
(0.245034, 0.211217, 0.270608)
(0.387203, 0.354524, 0.365345)
(0.246334, 0.190629, 0.240963)
(0.216441, 0.143076, 0.148105)
(0.273238, 0.246917, 0.300027)
(0.158750, 0.158750, 0.219867)
(0.186458, 0.144694, 0.204825)
(0.323676, 0.274276, 0.313462)
(0.250165, 0.241983, 0.280372)
(0.148399, 0.134927, 0.167649)
(0.215760, 0.139131, 0.154032)
(0.261359, 0.177954, 0.180616)
(0.166978, 0.133640, 0.171565)
(0.160968, 0.137853, 0.254650)
(0.229452, 0.176063, 0.216870)
(0.279167, 0.218919, 0.352415)
(0.416082, 0.405036, 0.405036)
(0.256052, 0.197855, 0.240569)
(0.237476, 0.221662, 0.260752)
(0.149876, 0.149876, 0.155708)
(0.206026, 0.183059, 0.191369)
(0.229606, 0.187018, 0.243922)
(0.255856, 0.207109, 0.230287)
(0.359663, 0.305408, 0.338180)
(0.402490, 0.249275, 0.260399)
(0.314829, 0.311155, 0.320943)
(0.351918, 0.308568, 0.350929)
(0.252415, 0.171226, 0.174468)
(0.164631, 0.133814, 0.159195)
(0.232314, 0.163833, 0.173228)
(0.297486, 0.286710, 0.309794)
(0.183974, 0.174504, 0.215126)
(0.256313, 0.238130, 0.334297)
(0.162878, 0.136536, 0.238253)
(0.200845, 0.161350, 0.195649)
(0.379758, 0.311328, 0.311477)
(0.299716, 0.299716, 0.403196)
(0.205659, 0.175418, 0.249481)
(0.241844, 0.230547, 0.253157)
(0.202240, 0.177524, 0.233041)
(0.268801, 0.189783, 0.230468)
(0.148809, 0.132578, 0.201228)
(0.469041, 0.286579, 0.315438)
(0.188167, 0.157836, 0.193304)
(0.153755, 0.133035, 0.150068)
(0.490058, 0.451441, 0.459077)
(0.179668, 0.167831, 0.280376)
(0.265409, 0.255135, 0.272610)
(0.253881, 0.191321, 0.191439)
(0.282050, 0.238141, 0.247283)
(0.269320, 0.265534, 0.269514)
(0.190645, 0.148544, 0.165791)
(0.370650, 0.222069, 0.227506)
(0.225530, 0.193034, 0.229885)
(0.274165, 0.223930, 0.278294)
(0.281468, 0.189003, 0.213723)
(0.212751, 0.204769, 0.270578)
(0.184518, 0.152740, 0.195932)
(0.148166, 0.142700, 0.180097)
(0.255258, 0.221630, 0.378075)
(0.164826, 0.134235, 0.165520)
(0.153449, 0.153280, 0.321171)
(0.163651, 0.125444, 0.151075)
(0.195008, 0.163036, 0.240840)
(0.295859, 0.169357, 0.177376)
(0.478763, 0.463034, 0.463034)
(0.269832, 0.223553, 0.307432)
(0.238094, 0.185128, 0.311511)
(0.406143, 0.398576, 0.468942)
(0.171161, 0.128842, 0.137496)
(0.164227, 0.132181, 0.201282)
(0.313418, 0.313418, 0.360232)
(0.197502, 0.193473, 0.281702)
(0.234844, 0.227987, 0.251810)
(0.139074, 0.128800, 0.139332)
(0.194586, 0.140293, 0.202249)
(0.382405, 0.382405, 0.411032)
(0.130203, 0.129100, 0.196174)
(0.248243, 0.150564, 0.160580)
(0.149246, 0.149246, 0.198548)
(0.379824, 0.362640, 0.379994)
(0.209566, 0.157626, 0.205286)
(0.169148, 0.137841, 0.172412)
(0.200787, 0.128998, 0.150650)
(0.301493, 0.238520, 0.366088)
(0.168839, 0.126537, 0.132332)
(0.272651, 0.231827, 0.464688)
(0.266996, 0.266996, 0.364160)
(0.261201, 0.226612, 0.247837)
(0.363666, 0.363103, 0.390007)
(0.181441, 0.173544, 0.218324)
(0.358545, 0.272286, 0.330664)
(0.241127, 0.241127, 0.311802)
(0.312952, 0.312256, 0.416134)
(0.193173, 0.182555, 0.253226)
(0.155971, 0.136814, 0.157735)
(0.138508, 0.121971, 0.121971)
(0.156558, 0.133295, 0.168939)
(0.167357, 0.154780, 0.181352)
(0.212582, 0.172361, 0.251818)
(0.145573, 0.145573, 0.154743)
(0.335808, 0.201596, 0.205173)
(0.307900, 0.268963, 0.341400)
(0.332596, 0.319995, 0.385203)
(0.257165, 0.174999, 0.205976)
(0.259686, 0.198191, 0.428417)
(0.162632, 0.143689, 0.180333)
(0.370951, 0.357979, 0.409241)
(0.239528, 0.182989, 0.227173)
(0.383628, 0.255651, 0.321642)
(0.198693, 0.157805, 0.205182)
(0.381633, 0.261355, 0.276940)
(0.214239, 0.159468, 0.261490)
(0.174492, 0.153359, 0.203946)
(0.294606, 0.255741, 0.282367)
(0.143088, 0.138464, 0.227252)
(0.233552, 0.188533, 0.241083)
(0.185564, 0.156857, 0.173088)
(0.258663, 0.191626, 0.314368)
(0.165427, 0.125276, 0.135489)
(0.246154, 0.242557, 0.303526)
(0.308110, 0.191276, 0.191507)
(0.127483, 0.126583, 0.147795)
(0.149577, 0.139513, 0.259799)
(0.188639, 0.183790, 0.364485)
(0.347333, 0.221886, 0.250973)
(0.280380, 0.265199, 0.313750)
(0.192746, 0.182080, 0.206822)
(0.228818, 0.219636, 0.320217)
(0.187512, 0.140420, 0.163367)
(0.165958, 0.153288, 0.175566)
(0.120253, 0.113484, 0.135790)
(0.254663, 0.224650, 0.346170)
(0.212409, 0.197115, 0.296878)
(0.186952, 0.148300, 0.167255)
(0.208255, 0.159668, 0.186847)
(0.231814, 0.200357, 0.342640)
(0.203087, 0.178936, 0.284577)
(0.187980, 0.171196, 0.196314)
(0.246114, 0.156503, 0.164213)
(0.572363, 0.444958, 0.472187)
(0.158719, 0.133409, 0.201872)
(0.361678, 0.318706, 0.398589)
(0.272257, 0.166626, 0.202978)
(0.254336, 0.221945, 0.344326)
(0.189472, 0.181693, 0.347916)
(0.368326, 0.236121, 0.242562)
(0.165169, 0.148696, 0.203732)
(0.349567, 0.342800, 0.452079)
(0.130065, 0.120063, 0.140669)
(0.266663, 0.205492, 0.261696)
(0.224846, 0.183157, 0.380342)
(0.404068, 0.374762, 0.519453)
(0.249310, 0.209223, 0.244639)
(0.151782, 0.150119, 0.223472)
(0.205936, 0.171148, 0.298357)
(0.280931, 0.273129, 0.290190)
(0.350032, 0.174815, 0.190526)
(0.130449, 0.130449, 0.131563)
(0.150638, 0.145307, 0.316448)
(0.108956, 0.104592, 0.124870)
(0.250647, 0.232214, 0.247803)
(0.147558, 0.128736, 0.163924)
(0.116777, 0.112024, 0.156616)
(0.154177, 0.130376, 0.203995)
(0.158619, 0.150536, 0.176751)
(0.272488, 0.263052, 0.355692)
(0.184284, 0.174487, 0.227801)
(0.227944, 0.141306, 0.198999)
(0.123585, 0.116823, 0.123667)
(0.214207, 0.155717, 0.212346)
(0.122729, 0.113954, 0.171583)
(0.177531, 0.172371, 0.309218)
(0.249354, 0.171478, 0.192826)
(0.347351, 0.336042, 0.417423)
(0.469238, 0.344780, 0.382313)
(0.288667, 0.251262, 0.276427)
(0.184012, 0.177430, 0.235752)
(0.197008, 0.174630, 0.209101)
(0.364966, 0.321244, 0.488141)
(0.232089, 0.191353, 0.412315)
(0.259362, 0.185700, 0.323253)
(0.130466, 0.120306, 0.206662)
(0.505741, 0.438655, 0.468229)
(0.134844, 0.109639, 0.140830)
(0.298881, 0.272531, 0.272531)
(0.153684, 0.139419, 0.155205)
(0.267370, 0.227020, 0.284708)
(0.141344, 0.131059, 0.169099)
(0.146096, 0.140968, 0.191378)
(0.276089, 0.228386, 0.277169)
(0.191634, 0.149421, 0.223374)
(0.216889, 0.162263, 0.198473)
(0.160419, 0.135252, 0.173324)
(0.172862, 0.147622, 0.208037)
(0.136474, 0.115205, 0.172085)
(0.162639, 0.132090, 0.213274)
(0.432103, 0.382693, 0.410666)
(0.194999, 0.138020, 0.230328)
(0.403662, 0.403662, 0.446498)
(0.195961, 0.161424, 0.210867)
(0.123469, 0.120731, 0.192985)
(0.189400, 0.139903, 0.200284)
(0.121370, 0.117928, 0.188121)
(0.194181, 0.181789, 0.188075)
(0.191654, 0.157283, 0.252821)
(0.350071, 0.233220, 0.321322)
(0.246749, 0.240679, 0.332416)
(0.279322, 0.239757, 0.302248)
(0.100574, 0.100574, 0.143878)
(0.131957, 0.119995, 0.154566)
(0.203244, 0.171101, 0.286532)
(0.267933, 0.172999, 0.291249)
(0.565842, 0.365917, 0.427301)
(0.171673, 0.157961, 0.212792)
(0.251330, 0.232881, 0.290643)
(0.255257, 0.254064, 0.357751)
(0.211021, 0.189394, 0.229531)
(0.106277, 0.093307, 0.103700)
(0.153392, 0.124376, 0.203438)
(0.241005, 0.233897, 0.284417)
(0.145541, 0.145541, 0.335559)
(0.392862, 0.178886, 0.196489)
(0.187300, 0.175952, 0.278230)
(0.195869, 0.167412, 0.224016)
(0.216802, 0.177850, 0.251263)
(0.361547, 0.271873, 0.294194)
(0.121757, 0.110137, 0.168139)
(0.195700, 0.154408, 0.304753)
(0.267390, 0.267390, 0.355948)
(0.295009, 0.287752, 0.314794)
(0.145064, 0.113674, 0.164126)
(0.147335, 0.138280, 0.224764)
(0.239483, 0.156399, 0.231869)
(0.210282, 0.195713, 0.282864)
(0.291818, 0.275263, 0.318157)
(0.199675, 0.159601, 0.201125)
(0.475601, 0.434241, 0.482203)
(0.082964, 0.082748, 0.083584)
(0.231179, 0.133516, 0.156620)
(0.251938, 0.249321, 0.295412)
(0.139833, 0.114893, 0.186275)
(0.164338, 0.139051, 0.157351)
(0.116225, 0.099055, 0.143581)
(0.143891, 0.137773, 0.234270)
(0.281362, 0.213218, 0.275030)
(0.145484, 0.143809, 0.222540)
(0.132388, 0.129138, 0.222858)
(0.123313, 0.112784, 0.135884)
(0.146375, 0.115660, 0.144256)
(0.233914, 0.230840, 0.338797)
(0.227345, 0.190944, 0.224316)
(0.189077, 0.184104, 0.206706)
(0.170346, 0.142673, 0.168954)
(0.145432, 0.145432, 0.277811)
(0.210255, 0.180282, 0.255282)
(0.169557, 0.150125, 0.225539)
(0.097342, 0.087783, 0.118418)
(0.138278, 0.129776, 0.190504)
(0.115490, 0.097934, 0.137644)
(0.375855, 0.321392, 0.346883)
(0.110674, 0.110674, 0.162403)
(0.129036, 0.110436, 0.178849)
(0.158146, 0.136718, 0.197151)
(0.243152, 0.169818, 0.283377)
(0.347566, 0.325666, 0.342013)
(0.133381, 0.102679, 0.152419)
(0.124946, 0.112001, 0.194732)
(0.344659, 0.317359, 0.343875)
(0.105494, 0.095595, 0.145743)
(0.149404, 0.131511, 0.205399)
(0.441702, 0.398118, 0.412368)
(0.337607, 0.324389, 0.369996)
(0.111672, 0.101260, 0.167219)
(0.191636, 0.142676, 0.176221)
(0.129240, 0.123347, 0.172835)
(0.194946, 0.172012, 0.178721)
(0.159877, 0.159877, 0.290160)
(0.166356, 0.157811, 0.197668)
(0.339904, 0.182581, 0.244867)
(0.182507, 0.135364, 0.179823)
(0.228429, 0.164975, 0.301961)
(0.253910, 0.253910, 0.305602)
(0.120142, 0.092643, 0.104855)
(0.181593, 0.156322, 0.193675)
(0.235118, 0.222976, 0.262785)
(0.116691, 0.116691, 0.143856)
(0.195989, 0.187375, 0.315100)
(0.195452, 0.180842, 0.266164)
(0.179008, 0.130584, 0.245951)
(0.099817, 0.092976, 0.143775)
(0.242799, 0.226542, 0.394680)
(0.318153, 0.318002, 0.450916)
(0.262729, 0.254701, 0.324624)
(0.093604, 0.092661, 0.166797)
(0.199226, 0.140647, 0.195696)
(0.139807, 0.101328, 0.108842)
(0.296701, 0.192960, 0.238305)
(0.216449, 0.209548, 0.261768)
(0.128505, 0.105534, 0.178189)
(0.114637, 0.103147, 0.236650)
(0.090604, 0.090604, 0.151105)
(0.114134, 0.103790, 0.180419)
(0.124315, 0.090823, 0.116306)
(0.248840, 0.248840, 0.319794)
(0.137746, 0.134073, 0.195128)
(0.201725, 0.141307, 0.148969)
(0.190164, 0.190080, 0.343492)
(0.329634, 0.191001, 0.205337)
(0.171249, 0.140915, 0.235020)
(0.200757, 0.134783, 0.217680)
(0.155216, 0.102716, 0.122628)
(0.170619, 0.162484, 0.251355)
(0.233563, 0.193757, 0.369128)
(0.103637, 0.091719, 0.143831)
(0.178786, 0.165432, 0.232591)
(0.197239, 0.127562, 0.215820)
(0.090227, 0.085083, 0.115946)
(0.195235, 0.178842, 0.245844)
(0.195452, 0.167125, 0.203434)
(0.218756, 0.201023, 0.329732)
(0.319678, 0.317562, 0.368373)
(0.104217, 0.094952, 0.171972)
(0.126794, 0.107193, 0.167557)
(0.115029, 0.106817, 0.154658)
(0.155825, 0.143952, 0.267718)
(0.183839, 0.158890, 0.219879)
(0.207096, 0.118393, 0.147799)
(0.130600, 0.121085, 0.217108)
(0.356594, 0.171088, 0.206530)
(0.111736, 0.111199, 0.145730)
(0.111255, 0.092214, 0.153775)
(0.109363, 0.086268, 0.122417)
(0.114314, 0.104297, 0.154617)
(0.134124, 0.134124, 0.209895)
(0.166237, 0.154967, 0.178012)
(0.117769, 0.089153, 0.147830)
(0.330874, 0.252937, 0.336776)
(0.121457, 0.107057, 0.192141)
(0.149306, 0.126991, 0.136962)
(0.324956, 0.323406, 0.374675)
(0.474839, 0.445326, 0.452491)
(0.149156, 0.125384, 0.159237)
(0.084396, 0.084396, 0.112816)
(0.123969, 0.122290, 0.225541)
(0.097815, 0.088651, 0.151476)
(0.232958, 0.230752, 0.276801)
(0.088348, 0.083381, 0.138236)
(0.120995, 0.113871, 0.223264)
(0.105297, 0.086479, 0.140662)
(0.142129, 0.142129, 0.248939)
(0.103914, 0.100600, 0.142271)
(0.126789, 0.091619, 0.097765)
(0.228144, 0.197377, 0.401046)
(0.367901, 0.363016, 0.444210)
(0.068210, 0.068210, 0.223742)
(0.061980, 0.053585, 0.201506)
(0.074741, 0.057539, 0.209388)
(0.043181, 0.036904, 0.152402)
(0.034459, 0.034256, 0.111375)
(0.104807, 0.057296, 0.214896)
(0.041017, 0.037395, 0.131446)
(0.084834, 0.069207, 0.237976)
(0.058924, 0.039524, 0.142091)
(0.063947, 0.047783, 0.183577)
(0.020534, 0.019997, 0.068151)
(0.092201, 0.036243, 0.121587)
(0.032923, 0.032923, 0.103546)
(0.047163, 0.043657, 0.144571)
(0.090058, 0.043316, 0.149064)
(0.051207, 0.035190, 0.132969)
(0.054332, 0.047111, 0.142660)
(0.035215, 0.035215, 0.130454)
(0.067252, 0.041448, 0.138269)
(0.049665, 0.027563, 0.096789)
(0.096714, 0.047765, 0.173041)
(0.068138, 0.054421, 0.257588)
(0.054137, 0.041993, 0.153140)
(0.019060, 0.019060, 0.062670)
(0.114132, 0.106823, 0.331384)
(0.152818, 0.126269, 0.385429)
(0.053408, 0.033391, 0.100243)
(0.041528, 0.040435, 0.189610)
(0.086652, 0.062447, 0.211731)
(0.203052, 0.203052, 0.325437)
(0.052509, 0.045120, 0.338457)
(0.047090, 0.035658, 0.125624)
(0.048626, 0.040962, 0.129376)
(0.116100, 0.081437, 0.324015)
(0.052720, 0.039485, 0.129132)
(0.103400, 0.095591, 0.329630)
(0.030945, 0.026833, 0.098390)
(0.052375, 0.038780, 0.298698)
(0.039917, 0.035189, 0.159452)
(0.126130, 0.124223, 0.342112)
(0.069451, 0.065820, 0.279169)
(0.030470, 0.028799, 0.103434)
(0.042072, 0.033762, 0.111009)
(0.032978, 0.024863, 0.087450)
(0.039004, 0.031101, 0.104671)
(0.023135, 0.022254, 0.080995)
(0.036309, 0.032111, 0.122810)
(0.030937, 0.027136, 0.108441)
(0.080788, 0.044253, 0.141819)
(0.050450, 0.046392, 0.173274)
(0.054562, 0.027778, 0.083982)
(0.030254, 0.018312, 0.056850)
(0.048015, 0.039962, 0.153953)
(0.054042, 0.027097, 0.111793)
(0.053813, 0.025719, 0.093262)
(0.054252, 0.024562, 0.073687)
(0.093076, 0.076194, 0.378792)
(0.046287, 0.026412, 0.085476)
(0.036326, 0.030744, 0.139236)
(0.024218, 0.024218, 0.072654)
(0.027059, 0.019359, 0.059526)
(0.057216, 0.038330, 0.130247)
(0.043196, 0.027719, 0.085711)
(0.063146, 0.039899, 0.128032)
(0.045592, 0.027966, 0.108758)
(0.063505, 0.046105, 0.154358)
(0.059267, 0.030571, 0.119750)
(0.022717, 0.019947, 0.062853)
(0.086300, 0.054521, 0.227341)
(0.054010, 0.042204, 0.241976)
(0.048888, 0.034407, 0.167208)
(0.041210, 0.041210, 0.142020)
(0.031189, 0.019952, 0.066918)
(0.050967, 0.029489, 0.099637)
(0.069916, 0.069916, 0.255369)
(0.045008, 0.041678, 0.153057)
(0.030479, 0.026237, 0.112812)
(0.057522, 0.027192, 0.084862)
(0.083021, 0.075312, 0.227676)
(0.031957, 0.017601, 0.052803)
(0.029862, 0.020652, 0.061956)
(0.083573, 0.045195, 0.143459)
(0.146146, 0.119032, 0.428918)
(0.022773, 0.022773, 0.078349)
(0.041307, 0.030097, 0.091118)
(0.074611, 0.046063, 0.145938)
(0.022982, 0.018173, 0.074674)
(0.052742, 0.041710, 0.197197)
(0.033013, 0.033013, 0.139891)
(0.059644, 0.028777, 0.092432)
(0.071653, 0.044757, 0.146881)
(0.030607, 0.030607, 0.105954)
(0.036351, 0.029032, 0.142490)
(0.022047, 0.022047, 0.066142)
(0.045354, 0.045354, 0.142054)
(0.016166, 0.014448, 0.043343)
(0.044403, 0.044403, 0.286727)
(0.015348, 0.012051, 0.037307)
(0.034818, 0.027872, 0.131069)
(0.056282, 0.028068, 0.087257)
(0.026566, 0.024292, 0.098224)
(0.019029, 0.019029, 0.068603)
(0.030264, 0.028222, 0.151437)
(0.039560, 0.032827, 0.128424)
(0.012774, 0.012774, 0.038322)
